source,target,distance,direction
0,1,65.06919393998976,E
0,2,49.16299421312742,S
2,0,49.16299421312742,N
1,0,65.06919393998976,W
3,1,44.04543109109048,N
1,3,44.04543109109048,S
2,3,63.0317380372777,E
3,2,63.0317380372777,W
3,4,49.040799340956916,S
4,3,49.040799340956916,N
2,4,84.62234447357969,S
4,2,84.78660696080567,W
3,5,172.10461934532728,E
5,3,172.10461934532728,W
2,22,478.29265660615044,W
22,2,487.025368542322,N
22,23,37.16180835212409,S
23,22,37.16180835212409,N
23,27,331.7945847424879,S
27,23,330.5252246964773,W
22,20,80.09993757800315,E
20,22,80.09993757800315,W
20,19,28.0178514522438,E
19,20,28.0178514522438,W
20,21,25.709920264364882,N
21,20,25.709920264364882,S
21,18,21.095023109728988,E
18,21,21.095023109728988,W
19,18,28.0178514522438,N
18,19,28.0178514522438,S
18,12,57.21887800367987,E
12,18,57.21887800367987,W
19,105,28.160255680657446,E
105,19,28.160255680657446,W
105,24,47.265209192385896,S
24,105,47.265209192385896,N
105,104,30.4138126514911,E
104,105,30.4138126514911,W
104,12,31.064449134018133,N
12,104,31.064449134018133,S
12,10,38.05259518088089,N
10,12,38.05259518088089,S
104,15,41,E
15,104,41,W
25,15,48.703182647543684,N
15,25,48.703182647543684,S
25,24,60.29925372672534,W
24,25,60.29925372672534,E
23,24,146.57762448614045,E
24,23,146.57762448614045,W
15,14,18.24828759089466,N
14,15,18.24828759089466,S
14,13,20.396078054371138,N
13,14,20.396078054371138,S
13,11,33.24154027718932,N
11,13,33.24154027718932,S
11,10,40.049968789001575,W
10,11,40.049968789001575,E
10,8,20.615528128088304,N
8,10,20.615528128088304,S
8,9,138.91832542496212,W
9,8,134.35560339164087,S
11,17,229.46673907695703,N
17,11,226.7593851173462,N
14,17,109.04127658827184,E
17,14,109.04127658827184,W
15,16,108.01851693112621,E
16,15,108.01851693112621,W
27,28,162.42619593657201,N
28,27,166.42518439646506,N
25,26,125.36876029504214,E
26,25,124.88605195512535,W
7,6,143.17122615944868,E
6,7,143.17122615944868,W
6,5,151.02979838429235,N
5,6,151.02979838429235,S
16,17,19.4164878389476,N
17,16,19.4164878389476,S
16,38,57.21887800367987,E
38,16,57.21887800367987,W
26,37,55,E
37,26,55,W
26,16,40,N
16,26,40,S
37,38,45.044422518220834,N
38,37,45.044422518220834,S
26,35,133.24038426843418,S
35,26,133.24038426843418,N
36,35,66.06814663663572,E
35,36,66.06814663663572,W
28,29,101.01980003939822,E
29,28,101.01980003939822,W
35,34,56.43580423808985,E
34,35,56.43580423808985,W
34,37,126.3210196285638,N
37,34,126.3210196285638,S
29,35,140.00357138301865,N
35,29,140.00357138301865,S
29,33,66.06814663663572,E
33,29,66.06814663663572,W
33,34,144.2809758769326,N
34,33,144.2809758769326,S
33,32,44.28317965096906,S
32,33,44.28317965096906,N
30,31,38.3275357934736,E
31,30,38.3275357934736,W
31,32,49.25444142409901,N
32,31,49.25444142409901,S
30,29,110.68967477176353,W
29,30,108.89553562291728,S
32,44,400.0390509224955,E
44,32,397.26057993632617,S
37,44,110.07270324653611,E
44,37,110.07270324653611,W
38,39,201.03979705520993,E
39,38,201.03979705520993,W
39,40,44.01136216933077,S
40,39,44.01136216933077,N
40,44,94.00531899844816,W
44,40,94.00531899844816,E
31,43,189.0026454841307,E
43,31,189.0026454841307,W
43,42,104.0768946500615,N
42,43,104.0768946500615,S
42,41,124.10076550932311,N
41,42,124.10076550932311,S
41,40,131.06105447462264,N
40,41,131.06105447462264,S
43,52,32.14031735997639,E
52,43,32.14031735997639,W
52,51,47,N
51,52,47,S
51,50,25.019992006393608,N
50,51,25.019992006393608,S
51,55,156.259399717265,E
55,51,156.259399717265,W
50,49,43.04648650006177,N
49,50,43.04648650006177,S
49,42,35.90264614203248,W
42,49,35.90264614203248,E
49,48,130.18832512940628,N
48,49,130.18832512940628,S
48,41,35.84689665786984,W
41,48,35.84689665786984,E
48,47,46.04345773288535,N
47,48,46.04345773288535,S
47,46,69.18092222571191,N
46,47,69.18092222571191,S
46,45,49.16299421312742,N
45,46,49.16299421312742,S
46,40,34.058772731852805,W
40,46,34.058772731852805,E
39,45,31.144823004794873,E
45,39,31.144823004794873,W
47,58,196.6793605890857,E
58,47,206.34909127141077,W
55,54,32.2490309931942,E
54,55,32.2490309931942,W
54,56,56.142675390472796,E
56,54,56.142675390472796,W
54,57,42.2965719651132,N
57,54,42.2965719651132,S
54,53,59.07622195096772,S
53,54,59.07622195096772,N
53,52,191.0026177831079,W
52,53,191.0026177831079,E
57,59,68.59300255857006,N
59,57,68.59300255857006,S
57,58,93.43949458788842,W
58,57,92.08205043909122,S
60,58,80.68333751816456,E
58,60,76.81048053309102,N
58,59,63.34824385884742,E
59,58,63.34824385884742,W
59,61,195.4328529188478,N
61,59,195.4328529188478,S
59,62,201.55644370746373,E
62,59,201.55644370746373,W
62,63,21.095023109728988,E
63,62,21.095023109728988,W
63,64,30.265491900843113,S
64,63,30.265491900843113,N
63,68,64.76109943476871,E
68,63,64.76109943476871,W
62,65,145.96232390586277,N
65,62,145.96232390586277,S
66,67,70.40596565632774,E
67,66,70.40596565632774,W
67,53,306.4691900399629,S
53,67,308.48299742074875,E
67,68,193.39575024620873,E
68,67,196.47218451304036,S
68,69,219.54109667077412,N
69,68,213.98303107548307,S
69,70,56.08029957123981,N
70,69,56.08029957123981,S
69,61,158.05062480104277,W
61,69,158.05062480104277,E
61,46,172.07265907168403,W
46,61,172.07265907168403,E
45,82,21.095023109728988,E
82,45,21.095023109728988,W
82,80,31.144823004794873,N
80,82,31.144823004794873,S
80,79,29.068883707497267,W
79,80,29.068883707497267,E
79,45,36.68787265568828,S
45,79,36.68787265568828,N
80,81,18.439088914585774,E
81,80,18.439088914585774,W
70,71,44.10215414239989,W
71,70,44.10215414239989,E
71,82,240.01874926763534,W
82,71,240.01874926763534,E
39,84,206.5863222690366,N
84,39,206.25912500914154,S
84,6,75,W
6,84,75,E
6,38,127.47548783981962,S
38,6,127.47548783981962,N
84,83,154.26276284314372,E
83,84,154.26276284314372,W
83,78,29.274562336608895,S
78,83,29.274562336608895,N
78,79,73.00684899377592,S
79,78,73.00684899377592,N
78,77,98.02040603874276,E
77,78,98.02040603874276,W
77,76,139.32910271115531,S
76,77,135.77006331456985,S
76,72,41,E
72,76,41,W
72,73,27.294688127912362,E
73,72,27.294688127912362,W
73,74,44.598206241955516,N
74,73,44.598206241955516,S
74,75,75.34817838071929,W
75,74,82.22837103402607,N
74,102,150.71164520368026,N
102,74,150.71164520368026,S
102,101,17.029386365926403,N
101,102,17.029386365926403,S
102,103,57.723478758647246,S
103,102,57.723478758647246,N
102,99,37.05401462729781,W
99,102,37.05401462729781,E
101,100,41.19465984809196,W
100,101,41.19465984809196,E
99,100,19.6468827043885,N
100,99,19.6468827043885,S
100,95,73.02739212103907,W
95,100,73.02739212103907,E
95,96,29.017236257093817,S
96,95,29.017236257093817,N
96,98,23.40939982143925,S
98,96,23.40939982143925,N
98,99,104.76858699999511,E
99,98,99.80373194550569,S
98,97,45,W
97,98,45,E
96,88,62.00806399170998,W
88,96,62.00806399170998,E
88,89,31.016124838541646,N
89,88,31.016124838541646,S
89,94,32.14031735997639,N
94,89,32.14031735997639,S
89,95,62.00806399170998,E
95,89,62.00806399170998,W
89,90,180.02499826412998,W
90,89,180.02499826412998,E
90,91,45.09988913511872,W
91,90,45.09988913511872,E
90,93,27.16615541441225,N
93,90,27.16615541441225,S
83,86,54.08326913195984,N
86,83,54.08326913195984,S
86,87,34,N
87,86,34,S
87,88,53,N
88,87,53,S
87,85,165.86462905274152,W
85,87,167.91379714137446,N
85,86,150.0133327407934,E
86,85,150.0133327407934,W
84,85,65.00769185258002,N
85,84,65.00769185258002,S
90,88,193.68036803748961,S
88,90,193.5409445218185,W
73,70,117.725780560249,S
70,73,122.10172460078782,N
91,92,30,N
92,91,30,S
92,93,42,E
93,92,42,W
77,76,87.02298546935747,E
76,77,87.02298546935747,W
5,91,27.16615541441225,N
91,5,27.16615541441225,S
