id,x,y
0,272,38
1,337,41
2,276,87
3,339,85
4,325,132
5,511,79
6,514,230
7,371,237
8,310,275
9,215,218
10,315,295
11,355,293
12,317,333
13,359,326
14,363,346
15,360,364
16,468,362
17,472,343
18,260,338
19,261,366
20,233,365
21,239,340
22,153,369
23,138,403
24,284,416
25,344,410
26,468,402
27,285,675
28,374,677
29,475,675
30,513,770
31,551,765
32,546,716
33,541,672
34,532,528
35,476,535
36,410,538
37,523,402
38,525,357
39,726,361
40,727,405
41,731,536
42,736,660
43,740,764
44,633,406
45,757,358
46,761,407
47,766,476
48,764,522
49,771,652
50,773,695
51,772,720
52,772,767
53,963,766
54,960,707
55,928,711
56,1016,703
57,955,665
58,884,610
59,946,597
60,830,634
61,933,402
62,1146,572
63,1167,574
64,1171,604
65,1069,448
66,1179,686
67,1248,700
68,1230,559
69,1091,398
70,1062,350
71,1018,353
72,973,254
73,1000,250
74,985,208
75,923,234
76,932,254
77,845,252
78,747,250
79,746,323
80,775,325
81,793,321
82,778,356
83,743,221
84,589,230
85,590,165
86,740,167
87,740,133
88,740,80
89,741,49
90,561,52
91,516,55
92,516,25
93,558,25
94,738,17
95,803,50
96,802,79
97,765,101
98,810,101
99,881,71
100,876,52
101,917,56
102,918,73
103,932,129
104,319,364
105,289,369
